1 2 6 12 24 48 60
1
1 5 10 25 50
1
1 6 13 37 150
1
1 2 6 12 24 48 60
2
1 5 10 25 50
2
1 6 13 37 150
2
1 2 6 12 24 48 60
3
1 5 10 25 50
3
1 6 13 37 150
3
1 2 6 12 24 48 60
4
1 5 10 25 50
4
1 6 13 37 150
4
1 2 6 12 24 48 60
5
1 5 10 25 50
5
1 6 13 37 150
5
1 2 6 12 24 48 60
6
1 5 10 25 50
6
1 6 13 37 150
6
1 2 6 12 24 48 60
7
1 5 10 25 50
7
1 6 13 37 150
7
1 2 6 12 24 48 60
8
1 5 10 25 50
8
1 6 13 37 150
8
1 2 6 12 24 48 60
9
1 5 10 25 50
9
1 6 13 37 150
9
1 2 6 12 24 48 60
10
1 5 10 25 50
10
1 6 13 37 150
10