1 2 6 12 24 48 60
11
1 5 10 25 50
11
1 6 13 37 150
11
1 2 6 12 24 48 60
12
1 5 10 25 50
12
1 6 13 37 150
12
1 2 6 12 24 48 60
13
1 5 10 25 50
13
1 6 13 37 150
13
1 2 6 12 24 48 60
14
1 5 10 25 50
14
1 6 13 37 150
14
1 2 6 12 24 48 60
15
1 5 10 25 50
15
1 6 13 37 150
15
1 2 6 12 24 48 60
16
1 5 10 25 50
16
1 6 13 37 150
16
1 2 6 12 24 48 60
17
1 5 10 25 50
17
1 6 13 37 150
17
1 2 6 12 24 48 60
18
1 5 10 25 50
18
1 6 13 37 150
18
1 2 6 12 24 48 60
19
1 5 10 25 50
19
1 6 13 37 150
19
1 2 6 12 24 48 60
20
1 5 10 25 50
20
1 6 13 37 150
20