1 2 6 12 24 48 60
41
1 5 10 25 50
41
1 6 13 37 150
41
1 2 6 12 24 48 60
42
1 5 10 25 50
42
1 6 13 37 150
42
1 2 6 12 24 48 60
43
1 5 10 25 50
43
1 6 13 37 150
43
1 2 6 12 24 48 60
44
1 5 10 25 50
44
1 6 13 37 150
44
1 2 6 12 24 48 60
45
1 5 10 25 50
45
1 6 13 37 150
45
1 2 6 12 24 48 60
46
1 5 10 25 50
46
1 6 13 37 150
46
1 2 6 12 24 48 60
47
1 5 10 25 50
47
1 6 13 37 150
47
1 2 6 12 24 48 60
48
1 5 10 25 50
48
1 6 13 37 150
48
1 2 6 12 24 48 60
49
1 5 10 25 50
49
1 6 13 37 150
49
1 2 6 12 24 48 60
50
1 5 10 25 50
50
1 6 13 37 150
50