1 2 6 12 24 48 60
31
1 5 10 25 50
31
1 6 13 37 150
31
1 2 6 12 24 48 60
32
1 5 10 25 50
32
1 6 13 37 150
32
1 2 6 12 24 48 60
33
1 5 10 25 50
33
1 6 13 37 150
33
1 2 6 12 24 48 60
34
1 5 10 25 50
34
1 6 13 37 150
34
1 2 6 12 24 48 60
35
1 5 10 25 50
35
1 6 13 37 150
35
1 2 6 12 24 48 60
36
1 5 10 25 50
36
1 6 13 37 150
36
1 2 6 12 24 48 60
37
1 5 10 25 50
37
1 6 13 37 150
37
1 2 6 12 24 48 60
38
1 5 10 25 50
38
1 6 13 37 150
38
1 2 6 12 24 48 60
39
1 5 10 25 50
39
1 6 13 37 150
39
1 2 6 12 24 48 60
40
1 5 10 25 50
40
1 6 13 37 150
40