1 2 6 12 24 48 60
21
1 5 10 25 50
21
1 6 13 37 150
21
1 2 6 12 24 48 60
22
1 5 10 25 50
22
1 6 13 37 150
22
1 2 6 12 24 48 60
23
1 5 10 25 50
23
1 6 13 37 150
23
1 2 6 12 24 48 60
24
1 5 10 25 50
24
1 6 13 37 150
24
1 2 6 12 24 48 60
25
1 5 10 25 50
25
1 6 13 37 150
25
1 2 6 12 24 48 60
26
1 5 10 25 50
26
1 6 13 37 150
26
1 2 6 12 24 48 60
27
1 5 10 25 50
27
1 6 13 37 150
27
1 2 6 12 24 48 60
28
1 5 10 25 50
28
1 6 13 37 150
28
1 2 6 12 24 48 60
29
1 5 10 25 50
29
1 6 13 37 150
29
1 2 6 12 24 48 60
30
1 5 10 25 50
30
1 6 13 37 150
30